============================= test session starts ==============================
platform linux -- Python 3.10.4, pytest-7.1.0, pluggy-1.0.0
rootdir: /home/ottersome/tmp/NSD/nsdhw_22sp/hw3/ottersome
collected 5 items

test_matrixl.py m[0,0]=1.0
m[1,1,]=1.0
m[1,0]=0.0
m[2,2]=1.0
.Number m1 cols16
Numebr of m2 rows:16
Pun pun Optimized 
Oh mail man: m1_cols:16, m2_rows:16
Oh mail right before tile man: m1_cols:16, m2_rows:16
 | 1.0,1.0, | 
 | 2.0,2.0, | 
 | 3.0,3.0, | 
 | 4.0,4.0, | 
 | 5.0,5.0, | 
 | 6.0,6.0, | 
 | 7.0,7.0, | 
 | 8.0,8.0, | 
 | 9.0,9.0, | 
 | 10.0,10.0, | 
 | 11.0,11.0, | 
 | 12.0,12.0, | 
 | 13.0,13.0, | 
 | 14.0,14.0, | 
 | 15.0,15.0, | 
 | 16.0,16.0, | 
.Pun pun
 | 1.0, | 
 | 2.0, | 
 | 3.0, | 
.Number m1 cols15
Numebr of m2 rows:15
Naive result
 | 324.0,340.0,228.0,267.0,226.0,296.0,312.0,271.0,189.0,206.0,222.0,169.0,269.0,278.0,284.0, | 
 | 344.0,413.0,267.0,290.0,260.0,290.0,294.0,356.0,206.0,264.0,265.0,152.0,239.0,222.0,341.0, | 
 | 415.0,494.0,409.0,489.0,276.0,383.0,431.0,372.0,285.0,313.0,325.0,276.0,438.0,348.0,435.0, | 
 | 379.0,480.0,315.0,404.0,308.0,330.0,329.0,368.0,244.0,310.0,301.0,194.0,328.0,336.0,476.0, | 
 | 393.0,558.0,333.0,429.0,254.0,404.0,359.0,331.0,228.0,338.0,332.0,244.0,326.0,358.0,436.0, | 
 | 330.0,414.0,232.0,280.0,235.0,301.0,300.0,328.0,213.0,247.0,259.0,146.0,221.0,288.0,300.0, | 
 | 365.0,463.0,343.0,442.0,255.0,335.0,359.0,358.0,286.0,272.0,272.0,255.0,373.0,327.0,336.0, | 
 | 290.0,419.0,225.0,268.0,233.0,269.0,213.0,314.0,182.0,280.0,282.0,167.0,200.0,190.0,354.0, | 
 | 321.0,402.0,256.0,313.0,244.0,320.0,333.0,340.0,237.0,230.0,265.0,234.0,263.0,229.0,263.0, | 
 | 253.0,312.0,172.0,245.0,209.0,212.0,217.0,256.0,195.0,167.0,181.0,141.0,184.0,231.0,244.0, | 
 | 228.0,318.0,210.0,240.0,168.0,176.0,180.0,240.0,169.0,257.0,243.0,105.0,193.0,256.0,276.0, | 
 | 390.0,474.0,323.0,437.0,266.0,323.0,350.0,325.0,242.0,295.0,333.0,249.0,351.0,338.0,357.0, | 
 | 441.0,451.0,306.0,379.0,332.0,362.0,378.0,403.0,270.0,228.0,285.0,230.0,341.0,264.0,395.0, | 
 | 222.0,220.0,168.0,248.0,166.0,133.0,212.0,187.0,167.0,129.0,167.0,156.0,196.0,158.0,185.0, | 
 | 410.0,513.0,372.0,473.0,243.0,371.0,419.0,324.0,261.0,313.0,365.0,253.0,384.0,375.0,430.0, | 
Tiled result
 | 324.0,340.0,228.0,267.0,226.0,296.0,312.0,271.0,189.0,206.0,222.0,169.0,269.0,278.0,284.0, | 
 | 344.0,413.0,267.0,290.0,260.0,290.0,294.0,356.0,206.0,264.0,265.0,152.0,239.0,222.0,341.0, | 
 | 415.0,494.0,409.0,489.0,276.0,383.0,431.0,372.0,285.0,313.0,325.0,276.0,438.0,348.0,435.0, | 
 | 379.0,480.0,315.0,404.0,308.0,330.0,329.0,368.0,244.0,310.0,301.0,194.0,328.0,336.0,476.0, | 
 | 393.0,558.0,333.0,429.0,254.0,404.0,359.0,331.0,228.0,338.0,332.0,244.0,326.0,358.0,436.0, | 
 | 330.0,414.0,232.0,280.0,235.0,301.0,300.0,328.0,213.0,247.0,259.0,146.0,221.0,288.0,300.0, | 
 | 365.0,463.0,343.0,442.0,255.0,335.0,359.0,358.0,286.0,272.0,272.0,255.0,373.0,327.0,336.0, | 
 | 290.0,419.0,225.0,268.0,233.0,269.0,213.0,314.0,182.0,280.0,282.0,167.0,200.0,190.0,354.0, | 
 | 321.0,402.0,256.0,313.0,244.0,320.0,333.0,340.0,237.0,230.0,265.0,234.0,263.0,229.0,263.0, | 
 | 253.0,312.0,172.0,245.0,209.0,212.0,217.0,256.0,195.0,167.0,181.0,141.0,184.0,231.0,244.0, | 
 | 228.0,318.0,210.0,240.0,168.0,176.0,180.0,240.0,169.0,257.0,243.0,105.0,193.0,256.0,276.0, | 
 | 390.0,474.0,323.0,437.0,266.0,323.0,350.0,325.0,242.0,295.0,333.0,249.0,351.0,338.0,357.0, | 
 | 441.0,451.0,306.0,379.0,332.0,362.0,378.0,403.0,270.0,228.0,285.0,230.0,341.0,264.0,395.0, | 
 | 222.0,220.0,168.0,248.0,166.0,133.0,212.0,187.0,167.0,129.0,167.0,156.0,196.0,158.0,185.0, | 
 | 410.0,513.0,372.0,473.0,243.0,371.0,419.0,324.0,261.0,313.0,365.0,253.0,384.0,375.0,430.0, | 
Comparing the matrices
.Naive result
 | 1496.0,3672.0,5848.0,8024.0,10200.0,12376.0,14552.0,16728.0,18904.0,21080.0,23256.0,25432.0,27608.0,29784.0,31960.0,34136.0, | 
 | 3672.0,9944.0,16216.0,22488.0,28760.0,35032.0,41304.0,47576.0,53848.0,60120.0,66392.0,72664.0,78936.0,85208.0,91480.0,97752.0, | 
 | 5848.0,16216.0,26584.0,36952.0,47320.0,57688.0,68056.0,78424.0,88792.0,99160.0,109528.0,119896.0,130264.0,140632.0,151000.0,161368.0, | 
 | 8024.0,22488.0,36952.0,51416.0,65880.0,80344.0,94808.0,109272.0,123736.0,138200.0,152664.0,167128.0,181592.0,196056.0,210520.0,224984.0, | 
 | 10200.0,28760.0,47320.0,65880.0,84440.0,103000.0,121560.0,140120.0,158680.0,177240.0,195800.0,214360.0,232920.0,251480.0,270040.0,288600.0, | 
 | 12376.0,35032.0,57688.0,80344.0,103000.0,125656.0,148312.0,170968.0,193624.0,216280.0,238936.0,261592.0,284248.0,306904.0,329560.0,352216.0, | 
 | 14552.0,41304.0,68056.0,94808.0,121560.0,148312.0,175064.0,201816.0,228568.0,255320.0,282072.0,308824.0,335576.0,362328.0,389080.0,415832.0, | 
 | 16728.0,47576.0,78424.0,109272.0,140120.0,170968.0,201816.0,232664.0,263512.0,294360.0,325208.0,356056.0,386904.0,417752.0,448600.0,479448.0, | 
 | 18904.0,53848.0,88792.0,123736.0,158680.0,193624.0,228568.0,263512.0,298456.0,333400.0,368344.0,403288.0,438232.0,473176.0,508120.0,543064.0, | 
 | 21080.0,60120.0,99160.0,138200.0,177240.0,216280.0,255320.0,294360.0,333400.0,372440.0,411480.0,450520.0,489560.0,528600.0,567640.0,606680.0, | 
 | 23256.0,66392.0,109528.0,152664.0,195800.0,238936.0,282072.0,325208.0,368344.0,411480.0,454616.0,497752.0,540888.0,584024.0,627160.0,670296.0, | 
 | 25432.0,72664.0,119896.0,167128.0,214360.0,261592.0,308824.0,356056.0,403288.0,450520.0,497752.0,544984.0,592216.0,639448.0,686680.0,733912.0, | 
 | 27608.0,78936.0,130264.0,181592.0,232920.0,284248.0,335576.0,386904.0,438232.0,489560.0,540888.0,592216.0,643544.0,694872.0,746200.0,797528.0, | 
 | 29784.0,85208.0,140632.0,196056.0,251480.0,306904.0,362328.0,417752.0,473176.0,528600.0,584024.0,639448.0,694872.0,750296.0,805720.0,861144.0, | 
 | 31960.0,91480.0,151000.0,210520.0,270040.0,329560.0,389080.0,448600.0,508120.0,567640.0,627160.0,686680.0,746200.0,805720.0,865240.0,924760.0, | 
 | 34136.0,97752.0,161368.0,224984.0,288600.0,352216.0,415832.0,479448.0,543064.0,606680.0,670296.0,733912.0,797528.0,861144.0,924760.0,988376.0, | 
MKL result
 | 1855.0,4030.0,6134.0,8296.0,10472.0,12631.0,14925.0,17055.0,19240.0,21370.0,23675.0,25657.0,27876.0,30017.0,32229.0,34349.0, | 
 | 3986.0,10126.0,16496.0,22770.0,28927.0,35232.0,41494.0,47930.0,54169.0,60522.0,66648.0,72977.0,79180.0,85528.0,91813.0,98092.0, | 
 | 6085.0,16446.0,26849.0,37186.0,47583.0,57917.0,68319.0,78677.0,89104.0,99332.0,109773.0,120105.0,130476.0,140849.0,151256.0,161563.0, | 
 | 8191.0,22669.0,37093.0,51600.0,66111.0,80588.0,95036.0,109590.0,123946.0,138440.0,152832.0,167304.0,181772.0,196296.0,210689.0,225241.0, | 
 | 10443.0,28865.0,47513.0,66136.0,84716.0,103390.0,122034.0,140443.0,159117.0,177506.0,196123.0,214710.0,233245.0,251722.0,270335.0,288933.0, | 
 | 12625.0,35383.0,58026.0,80701.0,103441.0,126107.0,148618.0,171347.0,193956.0,216642.0,239314.0,261995.0,284518.0,307132.0,329845.0,352446.0, | 
 | 14893.0,41568.0,68451.0,95030.0,121780.0,148480.0,175312.0,201982.0,228701.0,255532.0,282259.0,308991.0,335705.0,362495.0,389236.0,416028.0, | 
 | 16886.0,47761.0,78834.0,109785.0,140492.0,171441.0,202059.0,233035.0,263931.0,294684.0,325469.0,356369.0,387269.0,418005.0,448984.0,479823.0, | 
 | 18904.0,53848.0,88792.0,123736.0,158680.0,193624.0,228568.0,263512.0,298456.0,333400.0,368344.0,403288.0,438232.0,473176.0,508120.0,543064.0, | 
 | 21080.0,60120.0,99160.0,138200.0,177240.0,216280.0,255320.0,294360.0,333400.0,372440.0,411480.0,450520.0,489560.0,528600.0,567640.0,606680.0, | 
 | 23256.0,66392.0,109528.0,152664.0,195800.0,238936.0,282072.0,325208.0,368344.0,411480.0,454616.0,497752.0,540888.0,584024.0,627160.0,670296.0, | 
 | 25432.0,72664.0,119896.0,167128.0,214360.0,261592.0,308824.0,356056.0,403288.0,450520.0,497752.0,544984.0,592216.0,639448.0,686680.0,733912.0, | 
 | 27608.0,78936.0,130264.0,181592.0,232920.0,284248.0,335576.0,386904.0,438232.0,489560.0,540888.0,592216.0,643544.0,694872.0,746200.0,797528.0, | 
 | 29784.0,85208.0,140632.0,196056.0,251480.0,306904.0,362328.0,417752.0,473176.0,528600.0,584024.0,639448.0,694872.0,750296.0,805720.0,861144.0, | 
 | 31960.0,91480.0,151000.0,210520.0,270040.0,329560.0,389080.0,448600.0,508120.0,567640.0,627160.0,686680.0,746200.0,805720.0,865240.0,924760.0, | 
 | 34136.0,97752.0,161368.0,224984.0,288600.0,352216.0,415832.0,479448.0,543064.0,606680.0,670296.0,733912.0,797528.0,861144.0,924760.0,988376.0, | 
Comparing the matrices
.

============================== 5 passed in 0.10s ===============================
